Number of processes: 1

--------------------------------------------

Sequential Matrix A: 
3.00	4.00	
3.00	0.00	
9.00	0.00	
1.00	6.00	
5.00	4.00	
5.00	8.00	
3.00	8.00	
7.00	4.00	
3.00	7.00	
3.00	3.00	
6.00	0.00	
7.00	4.00	
3.00	5.00	
9.00	4.00	
8.00	8.00	

Dists: 
0.00	4.00	7.21	2.83	2.00	4.47	4.00	4.00	3.00	1.00	5.00	4.00	1.00	6.00	6.40	
0.00	0.00	6.00	6.32	4.47	8.25	8.00	5.66	7.00	3.00	3.00	5.66	5.00	7.21	9.43	
0.00	0.00	0.00	10.00	5.66	8.94	10.00	4.47	9.22	6.71	3.00	4.47	7.81	4.00	8.06	
0.00	0.00	0.00	0.00	4.47	4.47	2.83	6.32	2.24	3.61	7.81	6.32	2.24	8.25	7.28	
0.00	0.00	0.00	0.00	0.00	4.00	4.47	2.00	3.61	2.24	4.12	2.00	2.24	4.00	5.00	
0.00	0.00	0.00	0.00	0.00	0.00	2.00	4.47	2.24	5.39	8.06	4.47	3.61	5.66	3.00	
0.00	0.00	0.00	0.00	0.00	0.00	0.00	5.66	1.00	5.00	8.54	5.66	3.00	7.21	5.00	
0.00	0.00	0.00	0.00	0.00	0.00	0.00	0.00	5.00	4.12	4.12	0.00	4.12	2.00	4.12	
0.00	0.00	0.00	0.00	0.00	0.00	0.00	0.00	0.00	4.00	7.62	5.00	2.00	6.71	5.10	
0.00	0.00	0.00	0.00	0.00	0.00	0.00	0.00	0.00	0.00	4.24	4.12	2.00	6.08	7.07	
0.00	0.00	0.00	0.00	0.00	0.00	0.00	0.00	0.00	0.00	0.00	4.12	5.83	5.00	8.25	
0.00	0.00	0.00	0.00	0.00	0.00	0.00	0.00	0.00	0.00	0.00	0.00	4.12	2.00	4.12	
0.00	0.00	0.00	0.00	0.00	0.00	0.00	0.00	0.00	0.00	0.00	0.00	0.00	6.08	5.83	
0.00	0.00	0.00	0.00	0.00	0.00	0.00	0.00	0.00	0.00	0.00	0.00	0.00	0.00	4.12	
0.00	0.00	0.00	0.00	0.00	0.00	0.00	0.00	0.00	-nan	0.00	0.00	0.00	0.00	-nan	


Minimum distance 1.000 found at (0, 9), level 15
	From [3.00, 4.00] and [3.00, 3.00] to [3.00, 3.50]

--------------------------------------------

New A: 
3.00	0.00	
9.00	0.00	
1.00	6.00	
5.00	4.00	
5.00	8.00	
3.00	8.00	
7.00	4.00	
3.00	7.00	
6.00	0.00	
7.00	4.00	
3.00	5.00	
9.00	4.00	
8.00	8.00	
3.00	3.50	


Minimum distance 1.000 found at (5, 7), level 14
	From [3.00, 8.00] and [3.00, 7.00] to [3.00, 7.50]

--------------------------------------------

New A: 
3.00	0.00	
9.00	0.00	
1.00	6.00	
5.00	4.00	
5.00	8.00	
7.00	4.00	
6.00	0.00	
7.00	4.00	
3.00	5.00	
9.00	4.00	
8.00	8.00	
3.00	3.50	
3.00	7.50	


Minimum distance 1.500 found at (8, 11), level 13
	From [3.00, 5.00] and [3.00, 3.50] to [3.00, 4.25]

--------------------------------------------

New A: 
3.00	0.00	
9.00	0.00	
1.00	6.00	
5.00	4.00	
5.00	8.00	
7.00	4.00	
6.00	0.00	
7.00	4.00	
9.00	4.00	
8.00	8.00	
3.00	7.50	
3.00	4.25	


Minimum distance 2.000 found at (3, 5), level 12
	From [5.00, 4.00] and [7.00, 4.00] to [6.00, 4.00]

--------------------------------------------

New A: 
3.00	0.00	
9.00	0.00	
1.00	6.00	
5.00	8.00	
6.00	0.00	
7.00	4.00	
9.00	4.00	
8.00	8.00	
3.00	7.50	
3.00	4.25	
6.00	4.00	


Minimum distance 1.000 found at (5, 10), level 11
	From [7.00, 4.00] and [6.00, 4.00] to [6.50, 4.00]

--------------------------------------------

New A: 
3.00	0.00	
9.00	0.00	
1.00	6.00	
5.00	8.00	
6.00	0.00	
9.00	4.00	
8.00	8.00	
3.00	7.50	
3.00	4.25	
6.50	4.00	


Minimum distance 2.062 found at (3, 7), level 10
	From [5.00, 8.00] and [3.00, 7.50] to [4.00, 7.75]

--------------------------------------------

New A: 
3.00	0.00	
9.00	0.00	
1.00	6.00	
6.00	0.00	
9.00	4.00	
8.00	8.00	
3.00	4.25	
6.50	4.00	
4.00	7.75	


Minimum distance 2.500 found at (4, 7), level 9
	From [9.00, 4.00] and [6.50, 4.00] to [7.75, 4.00]

--------------------------------------------

New A: 
3.00	0.00	
9.00	0.00	
1.00	6.00	
6.00	0.00	
8.00	8.00	
3.00	4.25	
4.00	7.75	
7.75	4.00	


Minimum distance 2.658 found at (2, 5), level 8
	From [1.00, 6.00] and [3.00, 4.25] to [2.00, 5.12]

--------------------------------------------

New A: 
3.00	0.00	
9.00	0.00	
6.00	0.00	
8.00	8.00	
4.00	7.75	
7.75	4.00	
2.00	5.12	


Minimum distance 3.000 found at (0, 2), level 7
	From [3.00, 0.00] and [6.00, 0.00] to [4.50, 0.00]

--------------------------------------------

New A: 
9.00	0.00	
8.00	8.00	
4.00	7.75	
7.75	4.00	
2.00	5.12	
4.50	0.00	


Minimum distance 3.300 found at (2, 4), level 6
	From [4.00, 7.75] and [2.00, 5.12] to [3.00, 6.44]

--------------------------------------------

New A: 
9.00	0.00	
8.00	8.00	
7.75	4.00	
4.50	0.00	
3.00	6.44	


Minimum distance 4.008 found at (1, 2), level 5
	From [8.00, 8.00] and [7.75, 4.00] to [7.88, 6.00]

--------------------------------------------

New A: 
9.00	0.00	
4.50	0.00	
3.00	6.44	
7.88	6.00	


Minimum distance 4.500 found at (0, 1), level 4
	From [9.00, 0.00] and [4.50, 0.00] to [6.75, 0.00]

--------------------------------------------

New A: 
3.00	6.44	
7.88	6.00	
6.75	0.00	


Minimum distance 4.895 found at (0, 1), level 3
	From [3.00, 6.44] and [7.88, 6.00] to [5.44, 6.22]

--------------------------------------------

New A: 
6.75	0.00	
5.44	6.22	


Minimum distance 6.356 found at (0, 1), level 2
	From [6.75, 0.00] and [5.44, 6.22] to [6.09, 3.11]

--------------------------------------------


Sequential results: 
0.00	0.00	60191678096235341643403471624948317135789066039662451334289507994928161465044542512231506832984742821165674414501550012210025282450497240142342556483584.00	0.00	
6.75	0.00	5.44	6.22	
3.00	6.44	7.88	6.00	
9.00	0.00	4.50	0.00	
8.00	8.00	7.75	4.00	
4.00	7.75	2.00	5.12	
3.00	0.00	6.00	0.00	
1.00	6.00	3.00	4.25	
9.00	4.00	6.50	4.00	
5.00	8.00	3.00	7.50	
7.00	4.00	6.00	4.00	
5.00	4.00	7.00	4.00	
3.00	5.00	3.00	3.50	
3.00	8.00	3.00	7.00	
3.00	4.00	3.00	3.00	
0.00	0.00	0.00	0.00	

||-----Done sequential-----||.

Total time (sec): 0.001874
