Number of processes: 1

--------------------------------------------

Sequential Matrix A: 
3.00	4.00	
3.00	0.00	
9.00	0.00	
1.00	6.00	
5.00	4.00	
5.00	8.00	
3.00	8.00	
7.00	4.00	
3.00	7.00	
3.00	3.00	

Dists: 
0.00	4.00	7.21	2.83	2.00	4.47	4.00	4.00	3.00	1.00	
0.00	0.00	6.00	6.32	4.47	8.25	8.00	5.66	7.00	3.00	
0.00	0.00	0.00	10.00	5.66	8.94	10.00	4.47	9.22	6.71	
0.00	0.00	0.00	0.00	4.47	4.47	2.83	6.32	2.24	3.61	
0.00	0.00	0.00	0.00	0.00	4.00	4.47	2.00	3.61	2.24	
0.00	0.00	0.00	0.00	0.00	0.00	2.00	4.47	2.24	5.39	
0.00	0.00	0.00	0.00	0.00	0.00	0.00	5.66	1.00	5.00	
0.00	0.00	0.00	0.00	0.00	-nan	0.00	0.00	5.00	4.12	
-nan	-nan	0.00	0.00	60191678096235341643403471624948317135789066039662451334289507994928161465044542512231506832984742821165674414501550012210025282450497240142342556483584.00	0.00	0.00	0.00	1032866.99	4.00	
1032866.00	0.00	60191678096235341643403471624948317135789066039662451334289507994928161465044542512231506832984742821165674414501550012210025282450497240142342556483584.00	0.00	0.00	0.00	5040389571483599059311964546487341281189133214966410590352828632915088330034220562992440326110128763772135388341139316849846814438639505841362804598321060765604472657866614873522176.00	0.00	0.00	0.00	


Minimum distance 1.000 found at (0, 9), level 10
	From [3.00, 4.00] and [3.00, 3.00] to [3.00, 3.50]

--------------------------------------------

New A: 
3.00	0.00	
9.00	0.00	
1.00	6.00	
5.00	4.00	
5.00	8.00	
3.00	8.00	
7.00	4.00	
3.00	7.00	
3.00	3.50	


Minimum distance 1.000 found at (5, 7), level 9
	From [3.00, 8.00] and [3.00, 7.00] to [3.00, 7.50]

--------------------------------------------

New A: 
3.00	0.00	
9.00	0.00	
1.00	6.00	
5.00	4.00	
5.00	8.00	
7.00	4.00	
3.00	3.50	
3.00	7.50	


Minimum distance 2.000 found at (3, 5), level 8
	From [5.00, 4.00] and [7.00, 4.00] to [6.00, 4.00]

--------------------------------------------

New A: 
3.00	0.00	
9.00	0.00	
1.00	6.00	
5.00	8.00	
3.00	3.50	
3.00	7.50	
6.00	4.00	


Minimum distance 2.062 found at (3, 5), level 7
	From [5.00, 8.00] and [3.00, 7.50] to [4.00, 7.75]

--------------------------------------------

New A: 
3.00	0.00	
9.00	0.00	
1.00	6.00	
3.00	3.50	
6.00	4.00	
4.00	7.75	


Minimum distance 3.041 found at (3, 4), level 6
	From [3.00, 3.50] and [6.00, 4.00] to [4.50, 3.75]

--------------------------------------------

New A: 
3.00	0.00	
9.00	0.00	
1.00	6.00	
4.00	7.75	
4.50	3.75	


Minimum distance 3.473 found at (2, 3), level 5
	From [1.00, 6.00] and [4.00, 7.75] to [2.50, 6.88]

--------------------------------------------

New A: 
3.00	0.00	
9.00	0.00	
4.50	3.75	
2.50	6.88	


Minimum distance 3.710 found at (2, 3), level 4
	From [4.50, 3.75] and [2.50, 6.88] to [3.50, 5.31]

--------------------------------------------

New A: 
3.00	0.00	
9.00	0.00	
3.50	5.31	


Minimum distance 5.336 found at (0, 2), level 3
	From [3.00, 0.00] and [3.50, 5.31] to [3.25, 2.66]

--------------------------------------------

New A: 
9.00	0.00	
3.25	2.66	


Minimum distance 6.334 found at (0, 1), level 2
	From [9.00, 0.00] and [3.25, 2.66] to [6.12, 1.33]

--------------------------------------------


Sequential results: 
0.00	0.00	0.00	0.00	
9.00	0.00	3.25	2.66	
3.00	0.00	3.50	5.31	
4.50	3.75	2.50	6.88	
1.00	6.00	4.00	7.75	
3.00	3.50	6.00	4.00	
5.00	8.00	3.00	7.50	
5.00	4.00	7.00	4.00	
3.00	8.00	3.00	7.00	
3.00	4.00	3.00	3.00	
0.00	0.00	0.00	0.00	

||-----Done sequential-----||.

Total time (sec): 0.003303
